# This viminfo file was generated by Vim 7.4.
# You may edit it if you're careful!

# Value of 'encoding' when this file was written
*encoding=utf-8


# hlsearch on (H) or off (h):
~H
# Last Search Pattern:
~MSle0~/4th

# Last Substitute Search Pattern:
~MSle0&#999

# Last Substitute String:
$#777

# Command Line History (newest to oldest):
:q
:w
:wq
:set nu
:ew
:we
:%s/#999/#777/g
:140
:q!
:W
:%s/output_21-9-15/output_30-9-15/g
:%s/output_1-9-15/output_21-9-15/g
:%s/output_1-9-15/output_16-9-15/gc
:%s/output_1-8-15/output_1-9-15/gc
:q:q:q

# Search String History (newest to oldest):
?/4th
?/Present
?/present
?/Exam
?/exam
?/adver_imag
?/Title
? #999
?/2015
?/color
?/OpenCV
?/Mohit
?/Research Log
?/ind
?/inde	
?/inde
?/homr
?/View phot
?/ErLang
?/small-dialog
?/Email me
? output_21-9-15
?/iteration
?/NOTE
?/Note
? output_1-9-15
?/network
?/1
? output_1-8-15
?/backgr
?/firefox
?/*
?// updates?
?// Last time updated at Sep 07, 2014, 08:32:23
?/video
?/canvas
?/image
?/-bg
?/default-bg
?/banner-bg

# Expression History (newest to oldest):

# Input Line History (newest to oldest):

# Input Line History (newest to oldest):

# Registers:
""0	LINE	0
						<span style="padding-left:4%">Error (orange) : The CTC-error at that specific input sample</span><br/>
"1	LINE	0
						<span style="padding-left:4%"></span>
"2	LINE	0
	3398
<							 ['Total Time (scaled down by 100 in sec)', 0.05, 0.52, 0.84, 1.22, 1.55, 1.96, 2.28, 2.73, 3.14, 3.54, 3.94, 4.34, 4.76, 5.14, 5.53, 5.86, 6.26, 6.6, 7.01, 7.45, 7.9, 8.33, 8.7, 9.09, 9.45, 9.82, 10.22, 10.6, 10.96, 11.26, 11.6, 11.91, 12.27, 12.64, 13.03, 13.39, 13.79, 14.23, 14.69, 15.1, 15.59, 16.06, 16.49, 16.88, 17.26, 17.73, 18.12, 18.48, 18.82, 19.16, 19.55, 19.95, 20.34, 20.71, 21.09, 21.46, 21.87, 22.26, 22.66, 23.04, 23.37, 23.74, 24.11, 24.44, 24.78, 25.14, 25.53, 25.95, 26.4, 26.76, 27.09, 27.53, 27.93, 28.4, 28.9, 29.32, 29.72, 30.19, 30.75, 31.19, 31.61, 32.05, 32.57, 32.89, 33.21, 33.55, 33.9, 34.24, 34.55, 34.93, 35.24, 35.51, 35.83, 36.21, 36.57, 36.94, 37.3, 37.66, 38.03, 38.31, 38.68, 39.02, 39.36, 39.72, 40.09, 40.46, 40.71, 40.9, 41.32, 41.7, 41.9, 42.11, 42.29, 42.5, 42.66, 42.84, 43.03, 43.21, 43.43, 43.66, 43.88, 44.32, 44.7, 45.15, 45.53, 45.9, 46.35, 46.69, 47.03, 47.39, 47.8, 48.09, 48.44, 48.93, 49.4, 49.85, 50.26, 50.68, 51.05, 51.44, 51.95, 52.34, 52.76, 53.13, 53.45, 53.71, 53.96, 54.17, 54.65, 55.11, 55.61, 55.93, 56.12, 56.38, 56.84, 57.29, 57.69, 58.07, 58.51, 58.86, 59.16, 59.59, 60.08, 60.47, 60.78, 61.08, 61.54, 61.96, 62.39, 62.81, 63.28, 63.72, 64.17, 64.58, 65.06, 65.48, 65.91, 66.39, 66.84, 67.29, 67.65, 68.1, 68.4, 68.52, 68.84, 69.19, 69.47, 69.94, 70.4, 70.87, 71.27, 71.71, 72.19, 72.62, 73.01, 73.39, 73.68, 74.08, 74.5, 74.95, 75.48, 75.9, 76.31, 76.72, 77.04, 77.3, 77.68, 78.18, 78.69, 79.17, 79.69, 80.18, 80.72, 81.21, 81.7, 82.07, 82.37, 82.69, 83.24, 83.69, 84.13, 84.54, 85.0, 85.38, 85.83, 86.37, 86.84, 87.14, 87.37, 87.81, 88.27, 88.67, 89.03, 89.33, 89.64, 90.08, 90.56, 90.98, 91.46, 91.9, 92.27, 92.59, 92.89, 93.26, 93.67, 94.11, 94.57, 95.04, 95.46, 95.88, 96.32, 96.81, 97.25, 97.68, 98.14, 98.76, 99.2, 99.5, 99.83, 100.28, 100.7, 101.04, 101.47, 101.87, 102.27, 102.42, 102.53, 102.84, 103.33, 103.8, 104.26, 104.79, 105.27, 105.65, 105.94, 106.48, 107.06, 107.6, 108.26, 108.82, 109.12, 109.31, 109.47, 109.73, 110.29, 110.82, 111.63, 112.43, 113.14, 113.66, 114.13, 114.64, 115.18, 115.73, 116.44, 116.95, 117.27, 117.81, 118.4, 118.95, 119.49, 119.88, 120.28, 120.66, 121.25, 121.79, 122.44, 123.23, 123.98, 124.78, 125.57, 126.38, 127.19, 127.97, 128.76, 129.59, 130.38, 131.13, 131.91, 132.65, 133.39, 134.17, 134.94, 135.63, 136.44, 137.22, 137.94, 138.75, 139.51, 140.18, 140.91, 141.6, 142.21, 142.75, 143.41, 144.05, 144.78, 145.1, 145.42, 145.7, 146.0, 146.27, 146.57, 146.76, 146.91, 147.13, 147.43, 147.73, 147.97, 148.23, 148.5, 148.74, 148.99, 149.23, 149.46, 149.69, 150.13, 150.67, 151.21, 151.8, 152.35, 153.11, 153.9, 154.49, 155.08, 155.64, 156.04, 156.52, 156.99, 157.5, 158.06, 158.45, 158.84, 159.27, 159.77, 160.28, 160.74, 161.28, 161.81, 162.15, 162.28, 162.67, 162.99, 163.48, 163.96, 164.41, 164.87, 165.28, 165.78, 166.21, 166.65, 167.15, 167.59, 168.05, 168.55, 168.96, 169.41, 169.87, 170.3, 170.62, 170.82, 171.0, 171.2, 171.39, 171.57, 171.75, 171.91, 172.08, 172.26, 172.43, 172.55, 172.66, 172.83, 172.95, 173.03, 173.2, 173.37, 173.57, 173.77, 173.98, 174.16, 174.52, 174.86, 175.24, 175.5, 175.78, 176.07, 176.38, 176.66, 176.97, 177.25, 177.54, 177.91, 178.43, 178.97, 179.48, 180.04, 180.54, 180.92, 181.23, 181.55, 181.86, 182.16, 182.5, 182.76, 183.11, 183.42, 183.74, 184.07, 184.35, 184.61, 184.92, 185.38, 185.91, 186.39, 186.84, 187.3, 187.82, 188.6, 189.37]
"3	LINE	0
	3575
<['Time (sec)', 4.8757, 47.27, 31.585, 37.774, 32.601, 41.438, 31.699, 44.95, 40.903, 40.083, 40.251, 39.668, 42.461, 38.215, 39.446, 32.893, 40.235, 34.356, 40.758, 44.336, 45.098, 43.162, 36.708, 38.521, 36.074, 36.945, 40.426, 38.275, 35.588, 30.144, 33.778, 31.175, 36.16, 37.087, 39.345, 35.813, 40.144, 43.531, 45.655, 41.47, 48.51, 47.425, 43.043, 39.306, 38.204, 47.442, 39.493, 36.18, 33.958, 33.959, 39.384, 39.651, 39.104, 36.862, 37.864, 37.016, 40.707, 39.215, 40.073, 38.071, 32.657, 36.855, 37.494, 33.328, 33.767, 36.101, 38.788, 42.457, 44.668, 36.124, 32.606, 44.168, 40.165, 46.652, 49.916, 41.647, 40.073, 46.975, 56.291, 44.069, 42.087, 44.286, 51.657, 32.199, 32.203, 34.074, 34.786, 33.984, 31.308, 37.611, 30.622, 27.127, 31.985, 37.6, 36.35, 37.034, 35.922, 35.716, 36.51, 28.194, 37.009, 34.141, 34.441, 36.009, 37.091, 37.146, 24.971, 19.267, 41.719, 38.419, 20.444, 21.029, 18.474, 20.873, 15.961, 18.185, 18.697, 18.485, 21.565, 23.364, 22.229, 44.118, 38.045, 44.627, 37.669, 36.544, 44.647, 33.863, 33.674, 36.361, 41.44, 28.879, 34.915, 48.685, 46.549, 44.626, 41.135, 41.71, 37.4, 38.614, 50.872, 38.665, 42.383, 36.579, 32.115, 25.816, 25.351, 20.589, 47.655, 45.73, 49.826, 32.039, 18.8, 25.929, 46.058, 44.801, 40.242, 37.708, 44.212, 35.205, 29.738, 43.461, 48.791, 39.427, 31.063, 29.511, 46.241, 41.584, 43.093, 41.936, 47.084, 44.342, 45.345, 40.702, 48.205, 42.136, 42.781, 48.331, 45.395, 45.463, 35.696, 45.329, 30.413, 12.216, 32.291, 35.305, 28.258, 47.373, 46.373, 47.289, 40.475, 44.434, 48.403, 43.043, 39.204, 37.805, 29.332, 39.87, 42.484, 45.2, 52.8, 42.09, 41.017, 41.418, 31.864, 25.975, 37.574, 49.747, 50.894, 47.571, 51.506, 48.521, 54.423, 48.617, 49.307, 37.061, 30.343, 31.788, 54.905, 44.911, 43.79, 41.488, 46.199, 38.075, 45.075, 53.951, 47.317, 29.882, 22.98, 43.721, 45.983, 40.089, 35.503, 30.2, 31.131, 44.149, 48.327, 42.133, 48.36, 44.496, 37.293, 32.294, 30.17, 37.105, 40.643, 44.16, 46.356, 46.709, 42.211, 42.487, 44.21, 48.712, 43.798, 42.648, 45.836, 61.824, 43.951, 29.894, 33.479, 44.662, 41.846, 34.061, 43.204, 39.606, 39.548, 15.388, 10.71, 31.105, 49.024, 47.16, 45.513, 52.905, 47.764, 37.965, 28.888, 54.16, 57.531, 54.422, 65.889, 56.056, 29.526, 19.208, 15.774, 25.828, 55.701, 52.999, 81.34, 80.191, 71.025, 52.485, 46.61, 51.471, 53.794, 55.299, 70.836, 50.504, 31.887, 54.476, 59.194, 55.452, 53.521, 39.243, 39.822, 37.75, 59.028, 53.716, 64.901, 79.079, 75.407, 79.685, 79.398, 80.548, 81.187, 77.636, 78.906, 83.28, 79.263, 75.007, 78.155, 73.541, 74.312, 77.674, 76.917, 69.1, 80.709, 77.568, 71.777, 81.467, 75.818, 66.85, 72.532, 69.014, 60.799, 53.505, 65.989, 64.335, 72.896, 31.686, 31.706, 28.494, 30.137, 27.21, 29.933, 18.946, 14.504, 22.112, 30.003, 30.092, 24.466, 26.079, 26.548, 23.668, 24.588, 23.56, 22.905, 22.506, 44.294, 53.569, 53.828, 58.717, 54.513, 76.248, 78.97, 58.61, 59.024, 56.381, 39.6, 47.998, 47.431, 50.758, 56.304, 38.778, 38.586, 42.881, 49.985, 51.274, 45.893, 53.586, 52.874, 33.91, 13.208, 38.521, 31.968, 49.185, 48.458, 45.268, 46.233, 40.775, 49.862, 42.819, 44.099, 50.108, 43.702, 46.0, 49.61, 40.8, 44.707, 45.667, 42.885, 32.414, 19.578, 18.389, 20.236, 19.331, 18.102, 18.263, 15.746, 17.01, 17.736, 16.957, 12.295, 10.652, 16.943, 11.857, 8.1313, 16.56, 16.805, 19.951, 19.844, 21.085, 18.404, 36.411, 33.942, 38.069, 26.233, 27.617, 29.431, 30.546, 27.666, 30.632, 28.246, 29.459, 37.2, 51.925, 53.681, 51.48, 56.239, 50.341, 37.594, 30.976, 32.252, 30.51, 30.056, 34.389, 25.906, 35.404, 30.833, 32.254, 33.384, 28.015, 25.92, 30.993] ,
"4	LINE	0
	3592
<['Error', 368.55, 510.7, 410.83, 262.63, 245.65, 231.1, 148.24, 230.42, 223.18, 247.54, 205.9, 209.91, 217.36, 210.62, 221.45, 221.36, 225.21, 204.88, 210.25, 196.94, 208.07, 203.11, 197.73, 200.57, 206.79, 210.26, 159.9, 197.13, 193.11, 84.373, 185.27, 199.46, 184.61, 185.1, 170.16, 192.97, 187.07, 177.92, 168.32, 201.84, 184.71, 179.63, 193.12, 191.47, 132.68, 152.63, 190.11, 178.09, 183.23, 172.66, 182.23, 172.79, 188.71, 188.08, 173.88, 186.21, 164.8, 188.83, 166.28, 163.35, 166.2, 158.76, 179.15, 173.16, 47.96, 193.24, 170.9, 143.53, 166.71, 141.29, 177.66, 155.71, 172.95, 172.06, 180.23, 155.38, 179.37, 162.41, 172.72, 185.5, 141.02, 170.08, 170.14, 166.63, 186.81, 171.06, 175.75, 173.65, 175.86, 166.52, 127.31, 151.76, 158.66, 179.67, 168.58, 167.12, 171.56, 159.9, 79.718, 198.71, 156.1, 175.25, 161.94, 167.05, 172.39, 168.47, 50.759, 141.87, 155.94, 161.48, 168.91, 178.15, 169.88, 153.52, 157.3, 173.76, 159.24, 153.77, 158.22, 177.05, 161.93, 159.57, 169.04, 173.98, 164.26, 156.13, 192.11, 177.48, 168.56, 141.09, 102.56, 44.666, 180.82, 173.26, 177.26, 160.6, 154.93, 177.27, 173.58, 159.16, 168.54, 151.88, 180.74, 182.07, 45.391, 189.66, 37.585, 164.23, 182.54, 165.45, 173.64, 69.478, 87.256, 169.31, 178.01, 165.6, 139.87, 167.35, 172.53, 73.058, 188.08, 184.0, 198.13, 166.46, 59.748, 78.376, 198.93, 179.84, 59.122, 193.41, 178.17, 162.06, 173.51, 184.46, 159.66, 176.55, 185.28, 160.37, 178.99, 143.67, 179.24, 171.02, 42.791, 77.689, 170.1, 37.858, 195.0, 160.62, 189.62, 176.28, 159.6, 172.61, 165.52, 199.75, 164.27, 45.239, 149.42, 184.52, 169.64, 154.06, 174.43, 160.25, 184.22, 163.32, 47.853, 152.5, 155.59, 163.17, 145.49, 159.75, 180.14, 173.65, 181.27, 169.88, 165.16, 171.72, 43.307, 146.57, 169.31, 161.53, 146.16, 165.04, 151.05, 161.06, 140.52, 130.47, 142.91, 29.39, 167.08, 161.2, 173.74, 152.84, 44.434, 86.394, 162.67, 150.69, 160.12, 169.42, 144.33, 168.31, 173.76, 94.936, 154.33, 148.1, 162.97, 146.06, 188.29, 172.22, 154.33, 150.51, 162.47, 170.24, 179.57, 159.48, 146.15, 160.29, 151.32, 64.258, 182.92, 181.79, 167.62, 171.19, 160.96, 157.81, 96.474, 36.57, 56.749, 179.74, 165.06, 154.22, 163.8, 155.3, 149.48, 43.353, 163.64, 173.79, 167.51, 159.67, 139.04, 165.05, 181.15, 31.879, 175.53, 175.59, 177.27, 182.38, 174.47, 174.69, 85.866, 185.16, 163.42, 149.99, 172.52, 156.79, 175.29, 86.323, 193.49, 178.8, 182.59, 55.428, 192.69, 149.67, 49.146, 187.16, 185.81, 166.67, 182.97, 152.23, 163.82, 172.39, 155.2, 151.83, 176.04, 150.06, 162.08, 171.23, 161.61, 163.96, 171.87, 161.52, 160.5, 170.8, 149.16, 154.26, 188.41, 181.68, 178.43, 169.46, 177.82, 184.68, 164.01, 181.7, 73.093, 165.15, 103.21, 175.94, 179.58, 177.05, 163.58, 183.15, 193.68, 166.81, 165.54, 41.182, 171.74, 182.13, 199.69, 160.83, 156.92, 178.45, 132.36, 155.7, 145.81, 135.36, 126.14, 151.43, 169.26, 158.52, 159.02, 141.06, 161.06, 159.79, 144.32, 156.54, 167.89, 87.695, 169.95, 172.82, 184.59, 171.83, 154.61, 152.99, 146.11, 171.69, 175.01, 149.93, 158.31, 185.98, 170.07, 60.684, 171.12, 152.84, 182.68, 183.07, 161.41, 177.99, 165.87, 165.43, 163.62, 176.37, 168.11, 175.34, 166.58, 162.83, 142.95, 149.23, 148.52, 151.42, 74.52, 167.34, 143.58, 186.47, 176.48, 179.47, 165.84, 194.26, 163.35, 142.62, 187.88, 171.63, 40.448, 143.42, 176.42, 44.935, 175.13, 160.85, 176.92, 162.31, 169.72, 178.57, 164.56, 171.72, 155.09, 164.93, 158.39, 162.3, 159.47, 163.92, 143.98, 158.66, 171.37, 86.605, 176.25, 142.1, 164.8, 152.55, 175.29, 164.61, 163.45, 157.67, 164.99, 148.73, 156.0, 157.5, 170.05, 154.15, 166.37, 166.47, 170.69, 123.72, 185.07, 109.54] ,
"5	LINE	0
	3995
<							['Epoch', 0.00033333, 0.00066667, 0.001, 0.0013333, 0.0016667, 0.002, 0.0023333, 0.0026667, 0.003, 0.0033333, 0.0036667, 0.004, 0.0043333, 0.0046667, 0.005, 0.0053333, 0.0056667, 0.006, 0.0063333, 0.0066667, 0.007, 0.0073333, 0.0076667, 0.008, 0.0083333, 0.0086667, 0.009, 0.0093333, 0.0096667, 0.01, 0.010333, 0.010667, 0.011, 0.011333, 0.011667, 0.012, 0.012333, 0.012667, 0.013, 0.013333, 0.013667, 0.014, 0.014333, 0.014667, 0.015, 0.015333, 0.015667, 0.016, 0.016333, 0.016667, 0.017, 0.017333, 0.017667, 0.018, 0.018333, 0.018667, 0.019, 0.019333, 0.019667, 0.02, 0.020333, 0.020667, 0.021, 0.021333, 0.021667, 0.022, 0.022333, 0.022667, 0.023, 0.023333, 0.023667, 0.024, 0.024333, 0.024667, 0.025, 0.025333, 0.025667, 0.026, 0.026333, 0.026667, 0.027, 0.027333, 0.027667, 0.028, 0.028333, 0.028667, 0.029, 0.029333, 0.029667, 0.03, 0.030333, 0.030667, 0.031, 0.031333, 0.031667, 0.032, 0.032333, 0.032667, 0.033, 0.033333, 0.033667, 0.034, 0.034333, 0.034667, 0.035, 0.035333, 0.035667, 0.036, 0.036333, 0.036667, 0.037, 0.037333, 0.037667, 0.038, 0.038333, 0.038667, 0.039, 0.039333, 0.039667, 0.04, 0.040333, 0.040667, 0.041, 0.041333, 0.041667, 0.042, 0.042333, 0.042667, 0.043, 0.043333, 0.043667, 0.044, 0.044333, 0.044667, 0.045, 0.045333, 0.045667, 0.046, 0.046333, 0.046667, 0.047, 0.047333, 0.047667, 0.048, 0.048333, 0.048667, 0.049, 0.049333, 0.049667, 0.05, 0.050333, 0.050667, 0.051, 0.051333, 0.051667, 0.052, 0.052333, 0.052667, 0.053, 0.053333, 0.053667, 0.054, 0.054333, 0.054667, 0.055, 0.055333, 0.055667, 0.056, 0.056333, 0.056667, 0.057, 0.057333, 0.057667, 0.058, 0.058333, 0.058667, 0.059, 0.059333, 0.059667, 0.06, 0.060333, 0.060667, 0.061, 0.061333, 0.061667, 0.062, 0.062333, 0.062667, 0.063, 0.063333, 0.063667, 0.064, 0.064333, 0.064667, 0.065, 0.065333, 0.065667, 0.066, 0.066333, 0.066667, 0.067, 0.067333, 0.067667, 0.068, 0.068333, 0.068667, 0.069, 0.069333, 0.069667, 0.07, 0.070333, 0.070667, 0.071, 0.071333, 0.071667, 0.072, 0.072333, 0.072667, 0.073, 0.073333, 0.073667, 0.074, 0.074333, 0.074667, 0.075, 0.075333, 0.075667, 0.076, 0.076333, 0.076667, 0.077, 0.077333, 0.077667, 0.078, 0.078333, 0.078667, 0.079, 0.079333, 0.079667, 0.08, 0.080333, 0.080667, 0.081, 0.081333, 0.081667, 0.082, 0.082333, 0.082667, 0.083, 0.083333, 0.083667, 0.084, 0.084333, 0.084667, 0.085, 0.085333, 0.085667, 0.086, 0.086333, 0.086667, 0.087, 0.087333, 0.087667, 0.088, 0.088333, 0.088667, 0.089, 0.089333, 0.089667, 0.09, 0.090333, 0.090667, 0.091, 0.091333, 0.091667, 0.092, 0.092333, 0.092667, 0.093, 0.093333, 0.093667, 0.094, 0.094333, 0.094667, 0.095, 0.095333, 0.095667, 0.096, 0.096333, 0.096667, 0.097, 0.097333, 0.097667, 0.098, 0.098333, 0.098667, 0.099, 0.099333, 0.099667, 0.1, 0.10033, 0.10067, 0.101, 0.10133, 0.10167, 0.102, 0.10233, 0.10267, 0.103, 0.10333, 0.10367, 0.104, 0.10433, 0.10467, 0.105, 0.10533, 0.10567, 0.106, 0.10633, 0.10667, 0.107, 0.10733, 0.10767, 0.108, 0.10833, 0.10867, 0.109, 0.10933, 0.10967, 0.11, 0.11033, 0.11067, 0.111, 0.11133, 0.11167, 0.112, 0.11233, 0.11267, 0.113, 0.11333, 0.11367, 0.114, 0.11433, 0.11467, 0.115, 0.11533, 0.11567, 0.116, 0.11633, 0.11667, 0.117, 0.11733, 0.11767, 0.118, 0.11833, 0.11867, 0.119, 0.11933, 0.11967, 0.12, 0.12033, 0.12067, 0.121, 0.12133, 0.12167, 0.122, 0.12233, 0.12267, 0.123, 0.12333, 0.12367, 0.124, 0.12433, 0.12467, 0.125, 0.12533, 0.12567, 0.126, 0.12633, 0.12667, 0.127, 0.12733, 0.12767, 0.128, 0.12833, 0.12867, 0.129, 0.12933, 0.12967, 0.13, 0.13033, 0.13067, 0.131, 0.13133, 0.13167, 0.132, 0.13233, 0.13267, 0.133, 0.13333, 0.13367, 0.134, 0.13433, 0.13467, 0.135, 0.13533, 0.13567, 0.136, 0.13633, 0.13667, 0.137, 0.13733, 0.13767, 0.138, 0.13833, 0.13867, 0.139, 0.13933, 0.13967, 0.14, 0.14033, 0.14067, 0.141, 0.14133, 0.14167, 0.142, 0.14233, 0.14267, 0.143, 0.14333, 0.14367, 0.144, 0.14433, 0.14467, 0.145, 0.14533, 0.14567, 0.146, 0.14633, 0.14667, 0.147, 0.14733, 0.14767, 0.148, 0.14833, 0.14867, 0.149, 0.14933, 0.14967, 0.15, 0.15033, 0.15067] ,
"6	LINE	0
						asdasdasd
"7	LINE	0
					</p>
"8	LINE	0
					 <p class=""><br/>
"9	LINE	0
	3542
<							['Error', 368.55, 3100.7, 410.83, 262.63, 245.65, 231.1, 148.24, 230.42, 223.18, 247.54, 205.9, 209.91, 217.36, 210.62, 221.45, 221.36, 225.21, 204.88, 210.25, 196.94, 208.07, 203.11, 197.73, 200.57, 206.79, 210.26, 159.9, 197.13, 193.11, 84.373, 185.27, 199.46, 184.61, 185.1, 170.16, 192.97, 187.07, 177.92, 168.32, 201.84, 184.71, 179.63, 193.12, 191.47, 132.68, 152.63, 190.11, 178.09, 183.23, 172.66, 182.23, 172.79, 188.71, 188.08, 173.88, 186.21, 164.8, 188.83, 166.28, 163.35, 166.2, 158.76, 179.15, 173.16, 47.96, 193.24, 170.9, 143.53, 166.71, 141.29, 177.66, 155.71, 172.95, 172.06, 180.23, 155.38, 179.37, 162.41, 172.72, 185.5, 141.02, 170.08, 170.14, 166.63, 186.81, 171.06, 175.75, 173.65, 175.86, 166.52, 127.31, 151.76, 158.66, 179.67, 168.58, 167.12, 171.56, 159.9, 79.718, 198.71, 156.1, 175.25, 161.94, 167.05, 172.39, 168.47, 50.759, 141.87, 155.94, 161.48, 168.91, 178.15, 169.88, 153.52, 157.3, 173.76, 159.24, 153.77, 158.22, 177.05, 161.93, 159.57, 169.04, 173.98, 164.26, 156.13, 192.11, 177.48, 168.56, 141.09, 102.56, 44.666, 180.82, 173.26, 177.26, 160.6, 154.93, 177.27, 173.58, 159.16, 168.54, 151.88, 180.74, 182.07, 45.391, 189.66, 37.585, 164.23, 182.54, 165.45, 173.64, 69.478, 87.256, 169.31, 178.01, 165.6, 139.87, 167.35, 172.53, 73.058, 188.08, 184.0, 198.13, 166.46, 59.748, 78.376, 198.93, 179.84, 59.122, 193.41, 178.17, 162.06, 173.51, 184.46, 159.66, 176.55, 185.28, 160.37, 178.99, 143.67, 179.24, 171.02, 42.791, 77.689, 170.1, 37.858, 195.0, 160.62, 189.62, 176.28, 159.6, 172.61, 165.52, 199.75, 164.27, 45.239, 149.42, 184.52, 169.64, 154.06, 174.43, 160.25, 184.22, 163.32, 47.853, 152.5, 155.59, 163.17, 145.49, 159.75, 180.14, 173.65, 181.27, 169.88, 165.16, 171.72, 43.307, 146.57, 169.31, 161.53, 146.16, 165.04, 151.05, 161.06, 140.52, 130.47, 142.91, 29.39, 167.08, 161.2, 173.74, 152.84, 44.434, 86.394, 162.67, 150.69, 160.12, 169.42, 144.33, 168.31, 173.76, 94.936, 154.33, 148.1, 162.97, 146.06, 188.29, 172.22, 154.33, 150.51, 162.47, 170.24, 179.57, 159.48, 146.15, 160.29, 151.32, 64.258, 182.92, 181.79, 167.62, 171.19, 160.96, 157.81, 96.474, 36.57, 56.749, 179.74, 165.06, 154.22, 163.8, 155.3, 149.48, 43.353, 163.64, 173.79, 167.51, 159.67, 139.04, 165.05, 181.15, 31.879, 175.53, 175.59, 177.27, 182.38, 174.47, 174.69, 85.866, 185.16, 163.42, 149.99, 172.52, 156.79, 175.29, 86.323, 193.49, 178.8, 182.59, 55.428, 192.69, 149.67, 49.146, 187.16, 185.81, 166.67, 182.97, 152.23, 163.82, 172.39, 155.2, 151.83, 176.04, 150.06, 162.08, 171.23, 161.61, 163.96, 171.87, 161.52, 160.5, 170.8, 149.16, 154.26, 188.41, 181.68, 178.43, 169.46, 177.82, 184.68, 164.01, 181.7, 73.093, 165.15, 103.21, 175.94, 179.58, 177.05, 163.58, 183.15, 193.68, 166.81, 165.54, 41.182, 171.74, 182.13, 199.69, 160.83, 156.92, 178.45, 132.36, 155.7, 145.81, 135.36, 126.14, 151.43, 169.26, 158.52, 159.02, 141.06, 161.06, 159.79, 144.32, 156.54, 167.89, 87.695, 169.95, 172.82, 184.59, 171.83, 154.61, 152.99, 146.11, 171.69, 175.01, 149.93, 158.31, 185.98, 170.07, 60.684, 171.12, 152.84, 182.68, 183.07, 161.41, 177.99, 165.87, 165.43, 163.62, 176.37, 168.11, 175.34, 166.58, 162.83, 142.95, 149.23, 148.52, 151.42, 74.52, 167.34, 143.58, 186.47, 176.48, 179.47, 165.84, 194.26, 163.35, 142.62, 187.88, 171.63, 40.448, 143.42, 176.42, 44.935, 175.13, 160.85, 176.92, 162.31, 169.72, 178.57, 164.56, 171.72, 155.09, 164.93, 158.39, 162.3, 159.47, 163.92, 143.98, 158.66, 171.37, 86.605, 176.25, 142.1, 164.8, 152.55, 175.29, 164.61, 163.45, 157.67, 164.99, 148.73, 156.0, 157.5, 170.05]
"-	CHAR	0
	'

# File marks:
'0  71  36  ~/public_html/research_logs/BLSTM/gpu_vs_cpu.html
'1  78  8  ~/public_html/research_logs/index.html
'2  114  0  ~/public_html/research_logs/archive/autoencoder/lenet_300915.html
'3  102  0  ~/public_html/research_logs/LSTM/lang-model.html
'4  88  9  ~/public_html/research_logs/index.html
'5  58  3  ~/public_html/research_logs/archive/index.html
'6  51  5  ~/public_html/research_logs/index.html
'7  46  0  ~/public_html/research_logs/archive/vqa/vqa_status.html
'8  59  3  ~/public_html/research_logs/archive/index.html
'9  52  6  ~/public_html/research_logs/index.html

# Jumplist (newest first):
-'  71  36  ~/public_html/research_logs/BLSTM/gpu_vs_cpu.html
-'  65  85  ~/public_html/research_logs/BLSTM/gpu_vs_cpu.html
-'  92  5  ~/public_html/research_logs/BLSTM/gpu_vs_cpu.html
-'  60  12  ~/public_html/research_logs/BLSTM/gpu_vs_cpu.html
-'  82  19  ~/public_html/research_logs/BLSTM/gpu_vs_cpu.html
-'  74  5  ~/public_html/research_logs/BLSTM/gpu_vs_cpu.html
-'  63  59  ~/public_html/research_logs/BLSTM/gpu_vs_cpu.html
-'  83  20  ~/public_html/research_logs/BLSTM/gpu_vs_cpu.html
-'  85  3931  ~/public_html/research_logs/BLSTM/gpu_vs_cpu.html
-'  78  32  ~/public_html/research_logs/BLSTM/gpu_vs_cpu.html
-'  26  17  ~/public_html/research_logs/BLSTM/gpu_vs_cpu.html
-'  75  70  ~/public_html/research_logs/BLSTM/gpu_vs_cpu.html
-'  62  51  ~/public_html/research_logs/BLSTM/gpu_vs_cpu.html
-'  1  0  ~/public_html/research_logs/BLSTM/gpu_vs_cpu.html
-'  78  8  ~/public_html/research_logs/index.html
-'  82  3  ~/public_html/research_logs/index.html
-'  88  5  ~/public_html/research_logs/index.html
-'  114  0  ~/public_html/research_logs/archive/autoencoder/lenet_300915.html
-'  1  0  ~/public_html/research_logs/archive/autoencoder/lenet_300915.html
-'  102  0  ~/public_html/research_logs/LSTM/lang-model.html
-'  1  0  ~/public_html/research_logs/LSTM/lang-model.html
-'  87  87  ~/public_html/research_logs/index.html
-'  51  0  ~/public_html/research_logs/index.html
-'  58  3  ~/public_html/research_logs/archive/index.html
-'  52  0  ~/public_html/research_logs/index.html
-'  59  3  ~/public_html/research_logs/archive/index.html
-'  46  0  ~/public_html/research_logs/archive/vqa/vqa_status.html
-'  1  0  ~/public_html/research_logs/archive/vqa/vqa_status.html
-'  72  4  ~/public_html/research_logs/archive/index.html
-'  81  3  ~/public_html/research_logs/archive/index.html
-'  73  34  ~/public_html/research_logs/archive/index.html
-'  1  0  ~/public_html/research_logs/archive/index.html
-'  89  5  ~/public_html/research_logs/index.html
-'  80  760  ~/public_html/research_logs/vqa/vqa_status.html
-'  79  45  ~/public_html/research_logs/vqa/vqa_status.html
-'  70  5  ~/public_html/research_logs/vqa/vqa_status.html
-'  56  5  ~/public_html/research_logs/vqa/vqa_status.html
-'  84  5  ~/public_html/research_logs/index.html
-'  87  4  ~/public_html/research_logs/vqa/vqa_status.html
-'  1  0  ~/public_html/research_logs/vqa/vqa_status.html
-'  90  5  ~/public_html/research_logs/index.html
-'  92  4  ~/public_html/research_logs/index.html
-'  64  138  ~/public_html/research_logs/general/prediction_difference.html
-'  61  36  ~/public_html/research_logs/general/prediction_difference.html
-'  58  5  ~/public_html/research_logs/general/prediction_difference.html
-'  56  318  ~/public_html/research_logs/vqa/iter_advr_images.html
-'  70  48  ~/public_html/research_logs/vqa/iter_advr_images.html
-'  57  14  ~/public_html/research_logs/vqa/iter_advr_images.html
-'  52  4  ~/public_html/research_logs/vqa/iter_advr_images.html
-'  1  0  ~/public_html/research_logs/general/prediction_difference.html
-'  141  3  ~/public_html/research_logs/advr_images/iter_advr_images.html
-'  126  5  ~/public_html/research_logs/advr_images/iter_advr_images.html
-'  140  25  ~/public_html/research_logs/advr_images/iter_advr_images.html
-'  65  63  ~/public_html/research_logs/advr_images/iter_advr_images.html
-'  59  11  ~/public_html/research_logs/advr_images/iter_advr_images.html
-'  1  0  ~/public_html/research_logs/advr_images/iter_advr_images.html
-'  53  32  ~/public_html/research_logs/adver_images/iter_advr_images.html
-'  1  0  ~/public_html/research_logs/adver_images/iter_advr_images.html
-'  88  360  ~/public_html/research_logs/vqa/adver_effect.html
-'  89  5  ~/public_html/research_logs/vqa/adver_effect.html
-'  56  5  ~/public_html/research_logs/vqa/adver_effect.html
-'  1  0  ~/public_html/research_logs/vqa/adver_effect.html
-'  9  0  ~/.bashrc
-'  70  3  ~/public_html/research_logs/honors/paper_key_points.html
-'  35  3  ~/public_html/research_logs/honors/paper_key_points.html
-'  75  12  ~/public_html/research_logs/honors/paper_key_points.html
-'  52  4  ~/public_html/research_logs/honors/paper_key_points.html
-'  198  1  ~/public_html/research_logs/static/css/style.css
-'  141  10  ~/public_html/research_logs/static/css/style.css
-'  61  13  ~/public_html/research_logs/static/css/style.css
-'  33  0  ~/public_html/research_logs/static/css/style.css
-'  59  29  ~/public_html/research_logs/honors/paper_key_points.html
-'  60  217  ~/public_html/research_logs/honors/paper_key_points.html
-'  55  8  ~/public_html/research_logs/honors/paper_key_points.html
-'  54  46  ~/public_html/research_logs/honors/paper_key_points.html
-'  1  0  ~/public_html/research_logs/honors/paper_key_points.html
-'  118  17  ~/public_html/research_logs/adver_images/sample_images.html
-'  125  3  ~/public_html/research_logs/adver_images/sample_images.html
-'  96  5  ~/public_html/research_logs/adver_images/sample_images.html
-'  130  3  ~/public_html/research_logs/adver_images/sample_images.html
-'  1  1  ~/public_html/research_logs/adver_images
-'  55  4  ~/public_html/research_logs/honors/robust_dnn_presentation.html

# History of marks within files (newest to oldest):

> ~/public_html/research_logs/BLSTM/gpu_vs_cpu.html
	"	71	36
	^	71	37
	.	71	36
	+	43	17
	+	63	54
	+	60	0
	+	28	20
	+	33	29
	+	26	0
	+	75	5
	+	127	3
	+	89	0
	+	76	2
	+	77	4
	+	78	3
	+	79	4
	+	80	3
	+	85	3
	+	85	3
	+	85	4
	+	86	3
	+	87	3
	+	88	3
	+	89	2
	+	85	3932
	+	85	23
	+	85	23
	+	86	0
	+	85	3925
	+	85	0
	+	85	0
	+	85	13
	+	85	0
	+	83	3559
	+	83	11
	+	82	6
	+	81	9
	+	82	20
	+	83	0
	+	83	4259
	+	83	0
	+	84	3279
	+	84	47
	+	74	55
	+	74	15
	+	82	18
	+	74	0
	+	127	0
	+	74	50
	+	74	0
	+	75	0
	+	73	0
	+	74	32
	+	92	47
	+	99	3
	+	100	49
	+	112	0
	+	110	10451
	+	107	9
	+	108	6
	+	109	7
	+	110	46
	+	101	21
	+	104	34
	+	98	13
	+	75	21
	+	78	34
	+	108	18
	+	92	39
	+	92	39
	+	93	102
	+	92	43
	+	93	36
	+	92	0
	+	90	13
	+	93	85
	+	94	87
	+	97	0
	+	93	61
	+	94	69
	+	91	8
	+	96	9
	+	93	0
	+	92	0
	+	93	64
	+	94	51
	+	95	36
	+	92	35
	+	117	0
	+	121	64
	+	120	71
	+	122	44
	+	123	36
	+	72	8
	+	65	85
	+	65	0
	+	69	107
	+	72	0
	+	70	107
	+	71	86
	+	69	36
	+	70	36
	+	71	36

> ~/public_html/research_logs/archive/autoencoder/lenet_300915.html
	"	178	3

> ~/public_html/research_logs/index.html
	"	78	8
	^	84	9
	.	84	8
	+	92	31
	+	92	231
	+	92	70
	+	92	9
	+	92	80
	+	92	68
	+	92	4
	+	92	191
	+	92	26
	+	92	170
	+	92	166
	+	92	9
	+	92	79
	+	92	192
	+	92	46
	+	92	114
	+	83	4
	+	92	0
	+	92	3
	+	92	2
	+	92	3
	+	84	30
	+	85	85
	+	90	0
	+	90	31
	+	90	106
	+	90	0
	+	90	0
	+	90	110
	+	90	111
	+	90	111
	+	90	35
	+	90	108
	+	90	108
	+	90	67
	+	90	31
	+	90	63
	+	90	68
	+	84	44
	+	92	3
	+	92	2
	+	84	19
	+	85	84
	+	92	0
	+	92	11
	+	92	78
	+	90	0
	+	89	125
	+	89	0
	+	89	130
	+	89	80
	+	93	0
	+	92	0
	+	58	101
	+	84	40
	+	85	90
	+	89	0
	+	87	195
	+	89	87
	+	87	87
	+	87	0
	+	88	0
	+	82	18
	+	71	41
	+	72	0
	+	71	41
	+	72	13
	+	71	3
	+	80	8
	+	73	43
	+	84	37
	+	73	72
	+	74	72
	+	85	82
	+	75	7
	+	79	7
	+	84	36
	+	74	100
	+	76	54
	+	73	17
	+	84	60
	+	81	12
	+	77	4
	+	76	3
	+	78	107
	+	76	119
	+	82	0
	+	82	0
	+	82	0
	+	82	0
	+	82	0
	+	82	0
	+	82	0
	+	82	0
	+	82	0
	+	82	0
	+	82	0
	+	82	0
	+	73	60
	+	84	8

> ~/public_html/research_logs/LSTM/lang-model.html
	"	102	0
	^	56	405
	.	56	405
	+	35	20
	+	52	34
	+	54	27
	+	55	51
	+	57	0
	+	56	340
	+	60	414
	+	58	9
	+	60	9
	+	56	85
	+	62	445
	+	63	26
	+	65	7
	+	64	8
	+	98	16
	+	65	29
	+	66	65
	+	56	177
	+	56	77
	+	56	187
	+	56	405

> ~/public_html/research_logs/archive/index.html
	"	58	3
	^	58	96
	.	58	95
	+	60	43
	+	72	0
	+	81	0
	+	73	0
	+	81	0
	+	71	17
	+	61	2
	+	61	0
	+	59	0
	+	58	2
	+	58	95

> ~/public_html/research_logs/archive/vqa/vqa_status.html
	"	46	0

> ~/public_html/research_logs/vqa/vqa_status.html
	"	80	760
	^	80	761
	.	80	760
	+	35	12
	+	52	30
	+	54	23
	+	55	75
	+	87	0
	+	87	0
	+	59	26
	+	58	0
	+	56	226
	+	56	90
	+	56	280
	+	66	10
	+	65	31
	+	64	7
	+	61	8
	+	65	569
	+	65	49
	+	56	48
	+	65	836
	+	62	24
	+	76	9
	+	71	10
	+	70	202
	+	65	52
	+	65	324
	+	65	599
	+	67	9
	+	70	52
	+	70	304
	+	70	141
	+	70	352
	+	75	33
	+	70	41
	+	75	137
	+	72	9
	+	75	639
	+	86	9
	+	79	3
	+	76	4
	+	77	4
	+	78	4
	+	86	4
	+	79	46
	+	80	222
	+	52	23
	+	80	582
	+	80	349
	+	80	867
	+	80	577
	+	80	911
	+	82	45
	+	81	23
	+	82	47
	+	83	10
	+	82	34
	+	85	8
	+	84	492
	+	84	146
	+	65	550
	+	80	760

> ~/public_html/research_logs/general/prediction_difference.html
	"	64	138
	^	64	139
	.	64	138
	+	35	27
	+	52	32
	+	54	42
	+	55	74
	+	57	445
	+	58	108
	+	57	267
	+	61	116
	+	62	4
	+	61	45
	+	62	129
	+	60	8
	+	61	0
	+	63	144
	+	63	13
	+	64	138

> ~/public_html/research_logs/vqa/iter_advr_images.html
	"	56	318
	^	56	319
	.	56	319
	+	35	36
	+	52	31
	+	86	0
	+	54	27
	+	55	9
	+	56	97
	+	57	16
	+	86	6
	+	52	22
	+	57	9
	+	86	0
	+	61	34
	+	57	49
	+	63	34
	+	62	96
	+	57	10
	+	58	0
	+	60	0
	+	58	0
	+	57	0
	+	59	9
	+	65	0
	+	67	25
	+	68	36
	+	69	27
	+	70	36
	+	72	0
	+	74	25
	+	75	43
	+	76	87
	+	77	46
	+	79	0
	+	81	34
	+	82	37
	+	83	97
	+	84	37
	+	83	97
	+	56	319

> ~/public_html/research_logs/vqa/adver_effect.html
	"	52	32
	^	52	33
	.	52	32
	+	35	19
	+	54	22
	+	55	9
	+	56	276
	+	59	37
	+	61	10
	+	60	58
	+	59	21
	+	62	0
	+	63	41
	+	65	0
	+	67	41
	+	69	0
	+	71	40
	+	73	0
	+	74	41
	+	76	0
	+	78	41
	+	74	38
	+	78	38
	+	80	0
	+	82	34
	+	84	0
	+	87	0
	+	85	41
	+	89	41
	+	58	108
	+	58	6
	+	58	105
	+	58	12
	+	65	51
	+	66	117
	+	70	35
	+	77	221
	+	77	130
	+	81	85
	+	88	366
	+	52	32

> ~/public_html/research_logs/advr_images/iter_advr_images.html
	"	141	3
	^	115	37
	.	141	0
	+	61	125
	+	58	8
	+	57	35
	+	64	172
	+	65	0
	+	64	123
	+	62	17
	+	66	225
	+	67	11
	+	66	31
	+	69	0
	+	74	34
	+	75	25
	+	83	22
	+	85	27
	+	83	0
	+	85	0
	+	82	0
	+	85	0
	+	74	92
	+	82	92
	+	85	92
	+	74	90
	+	82	73
	+	85	81
	+	85	0
	+	77	0
	+	75	33
	+	79	35
	+	139	0
	+	127	0
	+	128	34
	+	133	0
	+	137	0
	+	132	0
	+	136	0
	+	128	96
	+	132	96
	+	136	96
	+	129	33
	+	133	35
	+	140	0
	+	140	10
	+	140	0
	+	73	3
	+	74	4
	+	75	5
	+	76	0
	+	77	1
	+	78	2
	+	79	3
	+	80	4
	+	81	0
	+	82	1
	+	83	2
	+	84	3
	+	85	4
	+	86	1
	+	87	2
	+	88	3
	+	87	4
	+	88	0
	+	127	1
	+	128	2
	+	129	3
	+	130	4
	+	131	0
	+	132	1
	+	133	2
	+	134	3
	+	135	4
	+	136	5
	+	137	0
	+	138	1
	+	126	0
	+	126	0
	+	90	0
	+	92	41
	+	96	0
	+	100	0
	+	101	0
	+	97	0
	+	92	110
	+	96	110
	+	100	110
	+	93	41
	+	97	36
	+	108	0
	+	110	58
	+	111	0
	+	114	0
	+	118	0
	+	114	0
	+	110	102
	+	114	102
	+	118	102
	+	111	36
	+	115	36
	+	141	0
	+	141	0

> ~/public_html/research_logs/adver_images/iter_advr_images.html
	"	53	32
	^	53	33
	.	35	37
	+	35	37

> ~/.bashrc
	"	9	0
	^	9	14
	.	9	13
	+	9	13

> ~/public_html/research_logs/honors/paper_key_points.html
	"	70	3
	^	35	23
	.	35	22
	+	54	28
	+	65	0
	+	55	9
	+	57	23
	+	58	66
	+	59	50
	+	57	7
	+	55	0
	+	55	61
	+	56	31
	+	52	27
	+	59	138
	+	59	33
	+	58	33
	+	64	4
	+	60	177
	+	59	28
	+	60	37
	+	63	14
	+	60	35
	+	60	547
	+	60	1
	+	63	2
	+	62	8
	+	67	0
	+	68	99
	+	69	125
	+	66	8
	+	70	344
	+	69	120
	+	72	376
	+	73	37
	+	72	369
	+	73	80
	+	74	165
	+	73	84
	+	74	268
	+	35	22

> ~/public_html/research_logs/static/css/style.css
	"	198	1
	^	141	11
	.	132	0
	+	61	0
	+	141	10
	+	132	0

> ~/public_html/research_logs/adver_images/sample_images.html
	"	118	17
	^	118	18
	.	118	17
	+	64	110
	+	66	10
	+	91	38
	+	66	14
	+	125	8
	+	125	0
	+	94	26
	+	97	9
	+	95	58
	+	94	36
	+	95	49
	+	98	38
	+	99	46
	+	98	38
	+	94	43
	+	92	8
	+	98	41
	+	94	55
	+	98	54
	+	102	0
	+	103	62
	+	96	32
	+	94	25
	+	98	27
	+	102	27
	+	91	44
	+	96	8
	+	100	35
	+	104	44
	+	91	39
	+	67	0
	+	86	8
	+	67	33
	+	71	26
	+	75	26
	+	79	23
	+	96	25
	+	95	31
	+	94	23
	+	98	23
	+	96	0
	+	70	23
	+	74	23
	+	78	23
	+	87	7
	+	71	42
	+	72	31
	+	75	34
	+	76	34
	+	75	65
	+	86	0
	+	82	0
	+	85	9
	+	87	12
	+	89	0
	+	68	55
	+	91	0
	+	92	0
	+	90	0
	+	91	55
	+	79	68
	+	80	33
	+	86	0
	+	87	22
	+	88	0
	+	83	50
	+	84	34
	+	67	189
	+	67	0
	+	68	0
	+	130	0
	+	125	7
	+	130	0
	+	130	0
	+	130	0
	+	125	0
	+	126	0
	+	127	0
	+	130	26
	+	96	35
	+	113	46
	+	114	19
	+	113	50
	+	115	10
	+	125	9
	+	120	38
	+	121	41
	+	122	22
	+	124	38
	+	124	66
	+	124	40
	+	124	9
	+	93	27
	+	110	9
	+	124	0
	+	116	0
	+	106	8
	+	107	0
	+	108	0
	+	118	17

> ~/public_html/research_logs/honors/robust_dnn_presentation.html
	"	55	4
	.	55	0
	+	55	171
	+	35	18
	+	48	14
	+	54	270
	+	55	0

> ~/public_html/research_logs/autoencoder/adversarial_270915.html
	"	181	0
	^	146	17
	.	146	14
	+	146	14

> ~/public_html/research_logs/template_report.html
	"	48	14
	^	48	15
	.	48	14
	+	48	14

> ~/public_html/research_logs/rbf_nn/template_report.html
	"	48	14
	^	48	15
	.	48	14
	+	46	37
	+	48	14
